26
A 64 44 0 0
B 13 32 0 0
C 22 36 0 0
D 32 38 0 0
E 103 47 0 0
F 21 35 0 0
G 15 32 0 0
H 47 40 0 0
I 57 42 0 0
J 1 27 0 0
K 5 30 0 0
L 32 38 0 0
M 20 35 0 0
N 57 42 0 0
O 63 43 0 0
P 15 33 0 0
Q 1 27 0 0
R 48 41 0 0
S 51 41 0 0
T 80 45 0 0
U 23 36 0 0
V 8 31 0 0
W 18 34 0 0
X 1 28 0 0
Y 16 33 0 0
Z 1 28 0 0
  2 29 10 17
  2 29 24 26
  4 30 27 28
  9 31 29 11
  17 34 22 30
  28 37 2 7
  31 37 16 25
  35 39 31 23
  41 39 13 6
  45 40 3 21
  59 43 32 33
  64 44 4 12
  76 45 34 35
  92 46 36 8
  99 46 18 19
  114 47 9 14
  122 48 37 15
  128 48 1 38
  156 49 39 20
  191 49 40 41
  217 50 5 42
  250 50 43 44
  347 51 45 46
  467 51 47 48
  814 0 49 50
